iso2c	edate	party	partyname	parfam	thrs	thrs_l	er.v.c	er.v.c_l	er.in	er.in_l	rile.logit	per607	per608	multic.logit_fd	per608_fd	multic.ratio_fd	af.bipolar_fd	meguid.bipolar_fd	env.logit_fd
AT	24-04-1983	42320	SPÖ Austrian Social Democratic Party	30	1,171875	1,171875	-1,171875	-1,171875	0	0	-0,923184013	0	0	2,712440549	0	NaN	-9	-10,1	-1,261771608
AT	23-11-1986	42320	SPÖ Austrian Social Democratic Party	30	1,171875	1,171875	8,559920223	-1,171875	1	0	-0,319895611	0	0	0	0	NaN	2,1	4,2	0,763597945
AT	07-10-1990	42320	SPÖ Austrian Social Democratic Party	30	1,171875	1,171875	15,46288872	8,559920223	1	1	-0,37006778	0,4	0	-1,896719905	0	NaN	1	0,5	-2,373438582
AT	09-10-1994	42320	SPÖ Austrian Social Democratic Party	30	4	1,171875	18,49743909	15,46288872	1	1	-0,480957758	0,165	0	0,798174285	0	0	-1,58	-2,685	2,689025893
AT	17-12-1995	42320	SPÖ Austrian Social Democratic Party	30	4	4	17,88523379	18,49743909	1	1	0,807084289	0	0	1,09854562	0	NaN	3,314	4,363	0,985569898
AT	03-10-1999	42320	SPÖ Austrian Social Democratic Party	30	4	4	22,91459389	17,88523379	1	1	-0,848792752	0	0	0	0	NaN	-2,243	-4,684	-1,945285946
AT	24-11-2002	42320	SPÖ Austrian Social Democratic Party	30	4	4	6,007403794	22,91459389	1	1	-0,688211726	2,22	0	-3,663725735	0	NaN	-3,56	-2,897	1,077224932
AT	01-10-2006	42320	SPÖ Austrian Social Democratic Party	30	4	4	7,035832398	6,007403794	1	1	-0,640315631	1,942	1,248	3,240541249	1,248	0,782445141	7,548	6,534	-0,249170726
AT	28-09-2008	42320	SPÖ Austrian Social Democratic Party	30	4	4	13,53580549	7,035832398	1	1	-0,772568057	0,665	0,914	0,7250729	-0,334	0,375249602	-0,312	-0,727	-0,3907406
AT	24-04-1983	42520	ÖVP Austrian People’s Party	50	1,171875	1,171875	-1,171875	-1,171875	0	0	0,047012789	0	0	0	0	NaN	4	4,6	-0,883261683
AT	23-11-1986	42520	ÖVP Austrian People’s Party	50	1,171875	1,171875	8,559920223	-1,171875	1	0	1,392772466	0	0	0	0	NaN	-3,3	-0,6	-1,380643286
AT	07-10-1990	42520	ÖVP Austrian People’s Party	50	1,171875	1,171875	15,46288872	8,559920223	1	1	0,18945843	0,4	0	-1,526056303	0	NaN	1	0,6	-1,104061893
AT	09-10-1994	42520	ÖVP Austrian People’s Party	50	4	1,171875	18,49743909	15,46288872	1	1	0,921289896	1,457	0	-1,970321553	0	0	6,741	6,209	1,260835333
AT	17-12-1995	42520	ÖVP Austrian People’s Party	50	4	4	17,88523379	18,49743909	1	1	1,706866776	0	0	3,496377856	0	NaN	-7,741	-9,692	3,85054683
AT	03-10-1999	42520	ÖVP Austrian People’s Party	50	4	4	22,91459389	17,88523379	1	1	0,539617309	0	0,497	2,832828564	0,497	NaN	9,882	16,985	-1,938288147
AT	24-11-2002	42520	ÖVP Austrian People’s Party	50	4	4	6,007403794	22,91459389	1	1	-0,022058933	1,222	0	-6,59374771	-0,497	-2	-6,156	-12,337	-3,99947417
AT	01-10-2006	42520	ÖVP Austrian People’s Party	50	4	4	7,035832398	6,007403794	1	1	-0,121174276	0,194	2,233	6,097090081	2,233	1,84013185	8,847	8,285	1,997913059
AT	28-09-2008	42520	ÖVP Austrian People’s Party	50	4	4	13,53580549	7,035832398	1	1	-0,038447625	0,656	2,951	-0,922773634	0,718	-0,203869028	3,82	3,535	1,698853561
BG	19-04-1997	80220	BSP Bulgarian Socialist Party	30	4	4	-4	-4	0	0	0,776774925	0	0	2,398040717	0	NaN	5,458	6,143	-1,240660416
BG	25-06-2005	80220	BSP Bulgarian Socialist Party	30	4	4	4,136885902	-4	1	0	-0,680817661	0,38	0						
BG	19-04-1997	80229	DL Democratic Left	30	4	4	-4	-4	0	0	0,776774925	0	0			NaN			
BG	19-04-1997	80411	ODS United Democratic Forces	40	4	4	-4	-4	0	0	0,951298454	0	0			NaN			
BG	18-06-2001	80411	ODS United Democratic Forces	40	4	4	-4	-4	0	0	0,539276206	1,947	0	-3,713361801	0	NaN	-7,608	-11,198	1,609700803
BG	25-06-2005	80411	ODS United Democratic Forces	40	4	4	4,136885902	-4	1	0	0,456165318	0	0	3,713361801	0	NaN	2,357	2,357	0,367166067
BG	18-06-2001	80902	NDSV National Movement Simeon the Second	40	4	4	-4	-4	0	0	-0,419164477	0,189	0						
BG	25-06-2005	80902	NDSV National Movement Simeon the Second	40	4	4	4,136885902	-4	1	0	-0,297533673	0,778	0	-0,510736275	0	0	3,657	4,435	0,636245014
CH	23-10-1983	43320	SPS/PSS Social Democratic Party of Switzerland	30	1,692152493	1,666666667	9,390930191	9,936127347	1	1	-1,390123367	0	0	0	0	NaN	-0,58	-1,274	-0,781724322
CH	18-10-1987	43320	SPS/PSS Social Democratic Party of Switzerland	30	1,692152493	1,692152493	9,33171622	9,390930191	1	1	-0,344854613	0	0	0	0	NaN	3,472	5,787	1,76074637
CH	20-10-1991	43320	SPS/PSS Social Democratic Party of Switzerland	30	1,692152493	1,692152493	10,20814245	9,33171622	1	1	-1,650717481	0	0	0	0	NaN	-3,205	-5,173	0,204148231
CH	22-10-1995	43320	SPS/PSS Social Democratic Party of Switzerland	30	1,692152493	1,692152493	13,28666386	10,20814245	1	1	-1,03367435	0	0	0	0	NaN	-1,43	-5,103	-1,435183769
CH	24-10-1999	43320	SPS/PSS Social Democratic Party of Switzerland	30	1,692152493	1,692152493	20,85158824	13,28666386	1	1	-1,794328677	0,797	1,594	0,636001052	1,594	NaN	-4,364	-0,691	2,564822971
CH	19-10-2003	43320	SPS/PSS Social Democratic Party of Switzerland	30	1,692152493	1,692152493	24,95847556	20,85158824	1	1	-1,687960245	0,632	0,253	-1,42380652	-1,341	-0,761581921	4,928	1,893	-1,014301622
CH	21-10-2007	43320	SPS/PSS Social Democratic Party of Switzerland	30	1,692152493	1,692152493	27,20490005	24,95847556	1	1	-1,079759997	1,137	1,4	0,988900378	1,147	0,531914335	4,102	5,474	1,203219495
CH	23-10-2011	43320	SPS/PSS Social Democratic Party of Switzerland	30	1,692152493	1,692152493	24,86406846	27,20490005	1	1	-2,397877293	0	0	-0,201094909	-1,4	NaN	-3,85	-3,595	-0,807866568
CH	23-10-1983	43420	FDP/PRD Radical Democratic Party	40	1,692152493	1,666666667	9,390930191	9,936127347	1	1	1,292003946	1,395	0	-1,096734074	-0,127	-0,499017682	-1,904	5,155	1,223456655
CH	18-10-1987	43420	FDP/PRD Radical Democratic Party	40	1,692152493	1,692152493	9,33171622	9,390930191	1	1	0,395497289	0,507	0	-0,88757162	0	0	0,381	-5,033	-1,699785759
CH	20-10-1991	43420	FDP/PRD Radical Democratic Party	40	1,692152493	1,692152493	10,20814245	9,33171622	1	1	0,942522313	4,044	0	-0,302198929	0	0	-1,927	-3,955	0,156175285
CH	22-10-1995	43420	FDP/PRD Radical Democratic Party	40	1,692152493	1,692152493	13,28666386	10,20814245	1	1	1,223847225	0	0	3,135466389	0	NaN	7,76	9,567	3,152561611
CH	24-10-1999	43420	FDP/PRD Radical Democratic Party	40	1,692152493	1,692152493	20,85158824	13,28666386	1	1	1,115279285	0,542	1,084	0,587785776	1,084	NaN	6,834	5,298	-2,397439412
CH	19-10-2003	43420	FDP/PRD Radical Democratic Party	40	1,692152493	1,692152493	24,95847556	20,85158824	1	1	0,505557323	1,663	2,287	-0,285349911	1,203	-0,17535865	-6,247	-5,271	1,442485019
CH	21-10-2007	43420	FDP/PRD Radical Democratic Party	40	1,692152493	1,692152493	27,20490005	24,95847556	1	1	0,958466029	0,787	0	-1,400708096	-2,287	-1,157974684	0,106	-1,141	0,955858993
CH	23-10-2011	43420	FDP/PRD Radical Democratic Party	40	1,692152493	1,692152493	24,86406846	27,20490005	1	1	0,638216135	0	0,478	2,196230973	0,478	2	5,492	3,578	-0,201005755
CH	23-10-1983	43520	CVP/PDC Christian Democratic People’s Party of Switzerland	50	1,692152493	1,666666667	9,390930191	9,936127347	1	1	0,067222772	1,422	0	-3,891631672	-0,402	-2	0,877	-2,767	-0,210828908
CH	18-10-1987	43520	CVP/PDC Christian Democratic People’s Party of Switzerland	50	1,692152493	1,692152493	9,33171622	9,390930191	1	1	-0,03107279	0,148	0	0,847097904	0	0	2,04	1,029	-1,618798391
CH	20-10-1991	43520	CVP/PDC Christian Democratic People’s Party of Switzerland	50	1,692152493	1,692152493	10,20814245	9,33171622	1	1	-0,72922427	1,961	0	-1,466118653	0	0	-3,168	-4,134	1,069463017
CH	22-10-1995	43520	CVP/PDC Christian Democratic People’s Party of Switzerland	50	1,692152493	1,692152493	13,28666386	10,20814245	1	1	0,083374374	0	0	2,565050891	0	NaN	12,775	10,487	2,065592084
CH	24-10-1999	43520	CVP/PDC Christian Democratic People’s Party of Switzerland	50	1,692152493	1,692152493	20,85158824	13,28666386	1	1	0,433969297	0,59	2,192	1,262479754	2,192	NaN	-3,521	-0,317	-4,962926026
CH	19-10-2003	43520	CVP/PDC Christian Democratic People’s Party of Switzerland	50	1,692152493	1,692152493	24,95847556	20,85158824	1	1	1,367813437	3,922	13,072	-0,113950773	10,88	-0,037419389	-0,104	12,378	4,962926026
CH	21-10-2007	43520	CVP/PDC Christian Democratic People’s Party of Switzerland	50	1,692152493	1,692152493	27,20490005	24,95847556	1	1	-0,472906389	0	2,4	0,797381168	-10,672	0,461574673	-1,296	-17,782	-2,595254707
CH	23-10-2011	43520	CVP/PDC Christian Democratic People’s Party of Switzerland	50	1,692152493	1,692152493	24,86406846	27,20490005	1	1	0,09810577	0	0	-1,945910149	-2,4	NaN	7,665	12,519	1,333042176
CZ	26-10-2013	82430	ANO ANO 2011	40	5	5	1,888130827	-3,855102001	1	0	-0,386726364	0	0			NaN			
CZ	19-06-1998	82320	CSSD Czech Social Democratic Party	30	5	5	-1,097415112	3,005525468	0	1	0,012676204	0,657	0	-0,788135581	0	0	-1,651	-1,901	2,150661318
CZ	03-06-2006	82320	CSSD Czech Social Democratic Party	30	5	5	-4,823685879	-4,028419847	0	0	-0,575022378	0,319	0	-2,397084035	0	NaN	2,909	3,114	-0,142001351
CZ	29-05-2010	82320	CSSD Czech Social Democratic Party	30	5	5	-3,855102001	-4,823685879	0	0	-0,434789562	0,701	0,281	1,610377736	0,281	0,572301426	0,985	0,856	-0,615053465
CZ	26-10-2013	82320	CSSD Czech Social Democratic Party	30	5	5	1,888130827	-3,855102001	1	0	-1,297098691	0	0	0,786706298	-0,281	NaN	-4,411	-5,349	-2,092241873
CZ	19-06-1998	82220	KSCM Communist Party of Bohemia and Moravia	20	5	5	-1,097415112	3,005525468	0	1	-0,395149327	0,726	0	-1,945447185	0	NaN	-1,708	-3,165	1,643401688
CZ	03-06-2006	82220	KSCM Communist Party of Bohemia and Moravia	20	5	5	-4,823685879	-4,028419847	0	0	-0,837572398	0,765	0	-0,587198074	0	0	1,677	-0,994	-0,145531442
CZ	29-05-2010	82220	KSCM Communist Party of Bohemia and Moravia	20	5	5	-3,855102001	-4,823685879	0	0	-0,946213275	0	0	2,197435666	0	NaN	0,085	2,113	-1,816801404
CZ	26-10-2013	82220	KSCM Communist Party of Bohemia and Moravia	20	5	5	1,888130827	-3,855102001	1	0	-1,192747012	0	0	0	0	NaN	-1,935	-4,142	-0,353713747
CZ	19-06-1998	82413	ODS Civic Democratic Party	60	5	5	-1,097415112	3,005525468	0	1	1,188626125	0	0	0,506913023	-0,091	NaN	2,976	5,36	-0,216333831
CZ	03-06-2006	82413	ODS Civic Democratic Party	60	5	5	-4,823685879	-4,028419847	0	0	0,897176183	0	0	0	0	NaN	-0,321	0,631	2,833089233
CZ	29-05-2010	82413	ODS Civic Democratic Party	60	5	5	-3,855102001	-4,823685879	0	0	0,501711643	0	0,556	2,708796589	0,556	NaN	-7,371	-6,498	-1,184529643
CZ	26-10-2013	82413	ODS Civic Democratic Party	60	5	5	1,888130827	-3,855102001	1	0	0,199052568	0,168	0,336	-2,197800459	-0,22	-0,666666667	-0,416	-1,905	0,956476936
CZ	29-05-2010	82530	TOP09 Tradition, Responsibility, Prosperity 09	50	5	5	-3,855102001	-4,823685879	0	0	0,367720582	0	0			NaN			
CZ	26-10-2013	82530	TOP09 Tradition, Responsibility, Prosperity 09	50	5	5	1,888130827	-3,855102001	1	0	-0,379125374	0	0	0	0	NaN	-3,172	-2,752	3,417871883
DE	05-10-1980	41320	SPD Social Democratic Party of Germany	30	5	5	-4,820511784	-4,67569304	0	0	-0,834206518	0	0	0	0	NaN	-1,547	-0,143	-0,731456187
DE	06-03-1983	41320	SPD Social Democratic Party of Germany	30	5	5	-4,766067301	-4,820511784	0	0	-0,311540641	0	0	0	0	NaN	-3,589	-4,571	-1,465811512
DE	25-01-1987	41320	SPD Social Democratic Party of Germany	30	5	5	-4,400395893	-4,766067301	0	0	-0,581079594	0	0	0	0	NaN	4,996	6,353	0,383966178
DE	02-12-1990	41320	SPD Social Democratic Party of Germany	30	5	5	-2,874819517	-4,400395893	0	0	-1,786816966	0,38	0	-1,098212209	0	NaN	-3,397	-5,556	-4,081257091
DE	16-10-1994	41320	SPD Social Democratic Party of Germany	30	5	5	-3,141947209	-2,874819517	0	0	-0,935883264	0,33	0	-3,33E-04	0	0	6,342	6,722	0,241898576
DE	27-09-1998	41320	SPD Social Democratic Party of Germany	30	5	5	-3,161812305	-3,141947209	0	0	-0,059597576	0,509	0,305	0,645454104	0,305	0,749385749	0,875	3,013	4,217641902
DE	22-09-2002	41320	SPD Social Democratic Party of Germany	30	5	5	-4,415225867	-3,161812305	0	0	0,155009194	0,311	0,621	1,098247635	0,316	0,583232276	1,042	-0,227	-0,933966234
DE	18-09-2005	41320	SPD Social Democratic Party of Germany	30	5	5	-3,417001798	-4,415225867	0	0	-0,082753567	0,114	0,341	0,200454719	-0,28	0,166283073	-2,606	-2,227	1,037298519
DE	27-09-2009	41320	SPD Social Democratic Party of Germany	30	5	5	-3,534683969	-3,417001798	0	0	-0,75616754	1,178	0	-4,816289093	-0,341	-1,498901099	-2,295	-2,954	-1,88469788
DE	22-09-2013	41320	SPD Social Democratic Party of Germany	30	5	5	-3,717097801	-3,534683969	0	0	-0,847936849	1,173	0,242	2,446562343	0,242	0,34204947	1,652	0,338	0,605349484
DE	05-10-1980	41521	CDU/CSU Christian Democratic Union/Christian Social Union	50	5	5	-4,820511784	-4,67569304	0	0	0,735857514	0	0	1,099018873	0	NaN	-2,775	4,242	0,712460224
DE	06-03-1983	41521	CDU/CSU Christian Democratic Union/Christian Social Union	50	5	5	-4,766067301	-4,820511784	0	0	1,037500622	0,73	0	-1,098678953	0	NaN	-1,136	-7,982	-1,22323341
DE	25-01-1987	41521	CDU/CSU Christian Democratic Union/Christian Social Union	50	5	5	-4,400395893	-4,766067301	0	0	0,435344345	0	0	1,098678953	0	NaN	3,297	4,032	-1,366845749
DE	02-12-1990	41521	CDU/CSU Christian Democratic Union/Christian Social Union	50	5	5	-2,874819517	-4,400395893	0	0	-0,389431343	0	0	0	0	NaN	1,966	7,08	-2,346734122
DE	16-10-1994	41521	CDU/CSU Christian Democratic Union/Christian Social Union	50	5	5	-3,141947209	-2,874819517	0	0	1,039271779	0	0	0	0	NaN	10,678	10,983	1,946002972
DE	27-09-1998	41521	CDU/CSU Christian Democratic Union/Christian Social Union	50	5	5	-3,161812305	-3,141947209	0	0	0,98914223	1,449	3,261	0,777922326	3,261	NaN	0,002	-2,896	2,713944383
DE	22-09-2002	41521	CDU/CSU Christian Democratic Union/Christian Social Union	50	5	5	-4,415225867	-3,161812305	0	0	0,767462958	0,38	1,673	0,631388272	-1,588	0,245096658	-3,928	-4,416	-2,22479383
DE	18-09-2005	41521	CDU/CSU Christian Democratic Union/Christian Social Union	50	5	5	-3,417001798	-4,415225867	0	0	1,078896314	0,128	0,766	0,055192654	-0,907	0,083836498	-7,545	-5,424	0,820783197
DE	27-09-2009	41521	CDU/CSU Christian Democratic Union/Christian Social Union	50	5	5	-3,534683969	-3,417001798	0	0	0,371063727	1,643	0,1	-4,056307514	-0,666	-1,598901839	-2,029	-3,166	-1,400034644
DE	22-09-2013	41521	CDU/CSU Christian Democratic Union/Christian Social Union	50	5	5	-3,717097801	-3,534683969	0	0	0,09603057	0,816	1,36	3,093285699	1,26	1,135255307	4,669	2,595	-0,500277484
DK	08-12-1981	13320	SD Social Democratic Party	30	2,034427118	2,034427118	-2,034427118	-2,034427118	0	0	-0,662059865	0	0	0	0	NaN	0,9	0	1,135951849
DK	10-01-1984	13320	SD Social Democratic Party	30	2,034427118	2,034427118	-2,034427118	-2,034427118	0	0	-1,967693083	0	0	0	0	NaN	-0,308	0,592	-1,602091984
DK	08-09-1987	13320	SD Social Democratic Party	30	2,034427118	2,034427118	-2,034427118	-2,034427118	0	0	-1,200931107	0,806	0	-1,098238886	0	NaN	1,021	1,021	-1,435093668
DK	10-05-1988	13320	SD Social Democratic Party	30	2,034427118	2,034427118	-2,034427118	-2,034427118	0	0	-0,866117769	0	0	1,098238886	0	NaN	-0,959	1,002	-1,273127186
DK	12-12-1990	13320	SD Social Democratic Party	30	2,034427118	2,034427118	-2,034427118	-2,034427118	0	0	-1,77302608	0	0	0	0	NaN	0,959	-1,002	1,609595232
DK	21-09-1994	13320	SD Social Democratic Party	30	2,034427118	2,034427118	-2,034427118	-2,034427118	0	0	-0,30718671	0,922	0	-1,609733869	0	NaN	-5,3	-0,692	-1,945835862
DK	11-03-1998	13320	SD Social Democratic Party	30	2,034427118	2,034427118	5,376882992	-2,034427118	1	0	0,17780685	1,939	4,986	2,512600391	4,986	1,44	14,213	12,098	-1,066382872
DK	20-11-2001	13320	SD Social Democratic Party	30	2,034427118	2,034427118	9,966350928	5,376882992	1	1	-0,578490515	2,137	2,85	-0,620069516	-2,136	-0,297028274	-3,224	-3,669	1,204921443
DK	08-02-2005	13320	SD Social Democratic Party	30	2,034427118	2,034427118	11,21904034	9,966350928	1	1	-1,521360858	1,091	9,455	1,741560501	6,605	0,650125182	2,517	0,469	1,241054145
DK	13-11-2007	13320	SD Social Democratic Party	30	1,635660859	2,034427118	12,22596913	11,21904034	1	1	-0,413961552	0,855	3,419	-0,925927415	-6,036	-0,193190498	-14,947	-14,947	-0,576022982
DK	15-09-2011	13320	SD Social Democratic Party	30	1,635660859	1,635660859	10,68255265	12,22596913	1	1	-0,212306443	0	0,592	5.02145121282105E-4	-2,827	0,400093589	6,903	6,903	0,967799444
DK	08-12-1981	13420	V Liberals	40	2,034427118	2,034427118	-2,034427118	-2,034427118	0	0	1,030335413	0	0	0	0	NaN	-14,5	-14,5	2,529242464
DK	10-01-1984	13420	V Liberals	40	2,034427118	2,034427118	-2,034427118	-2,034427118	0	0	0,807121631	0	0	0	0	NaN	-2,956	-0,073	1,277305353
DK	08-09-1987	13420	V Liberals	40	2,034427118	2,034427118	-2,034427118	-2,034427118	0	0	1,010587312	0	0,352	1,098398933	0,352	NaN	1,512	0,39	-6,851035968
DK	10-05-1988	13420	V Liberals	40	2,034427118	2,034427118	-2,034427118	-2,034427118	0	0	1,665007764	0	0	-1,098398933	-0,352	NaN	1,444	4,683	2,533662528
DK	12-12-1990	13420	V Liberals	40	2,034427118	2,034427118	-2,034427118	-2,034427118	0	0	0,653864212	0	0	0	0	NaN	0,293	-4,707	-2,197316573
DK	21-09-1994	13420	V Liberals	40	2,034427118	2,034427118	-2,034427118	-2,034427118	0	0	1,961392067	0	0	0	0	NaN	8,212	9,169	2,708142197
DK	11-03-1998	13420	V Liberals	40	2,034427118	2,034427118	5,376882992	-2,034427118	1	0	0,793966159	2,857	12,857	1,335030541	12,857	NaN	14,709	13,752	0
DK	20-11-2001	13420	V Liberals	40	2,034427118	2,034427118	9,966350928	5,376882992	1	1	1,21819457	4,348	10,145	-0,572918108	-2,712	-0,236389007	1,822	1,822	0
DK	08-02-2005	13420	V Liberals	40	2,034427118	2,034427118	11,21904034	9,966350928	1	1	-0,055189271	0	5,645	2,60515581	-4,5	0,6000138	-15,036	-14,633	-1,466181181
DK	13-11-2007	13420	V Liberals	40	1,635660859	2,034427118	12,22596913	11,21904034	1	1	-0,363993382	2,326	10,853	-1,946011319	5,208	-0,352985811	-5,524	-5,927	-1,367100396
DK	15-09-2011	13420	V Liberals	40	1,635660859	1,635660859	10,68255265	12,22596913	1	1	-0,451980968	1,762	9,692	0,1882761	-1,161	0,045320366	1,395	1,836	6,267279104
DK	08-12-1981	13620	KF Conservative People’s Party	60	2,034427118	2,034427118	-2,034427118	-2,034427118	0	0	3,476421447	0	0	0	0	NaN	-7,8	-6,7	0,578724828
DK	10-01-1984	13620	KF Conservative People’s Party	60	2,034427118	2,034427118	-2,034427118	-2,034427118	0	0	1,767600875	0	0	0	0	NaN	7,222	8,163	-1,687275448
DK	08-09-1987	13620	KF Conservative People’s Party	60	2,034427118	2,034427118	-2,034427118	-2,034427118	0	0	0,247380469	0	0	0	0	NaN	-6,122	-4,792	-3,806625599
DK	10-05-1988	13620	KF Conservative People’s Party	60	2,034427118	2,034427118	-2,034427118	-2,034427118	0	0	1,272965676	0	0	0	0	NaN	-2,22E-16	-3,371	4,394400265
DK	12-12-1990	13620	KF Conservative People’s Party	60	2,034427118	2,034427118	-2,034427118	-2,034427118	0	0	0,397981146	0,917	0	-1,098298906	0	NaN	10,092	11,009	-4,043064952
DK	21-09-1994	13620	KF Conservative People’s Party	60	2,034427118	2,034427118	-2,034427118	-2,034427118	0	0	0,550778215	0	0,885	2,196944528	0,885	2	7,607	6,69	1,334974752
DK	11-03-1998	13620	KF Conservative People’s Party	60	2,034427118	2,034427118	5,376882992	-2,034427118	1	0	0,647491008	0,83	6,224	0,725773355	5,339	-0,235327474	-5,251	-1,102	0,70361345
DK	20-11-2001	13620	KF Conservative People’s Party	60	2,034427118	2,034427118	9,966350928	5,376882992	1	1	0,729109331	0,926	13,889	0,510910349	7,665	0,110319036	9,774	6,551	1,75317756
DK	08-02-2005	13620	KF Conservative People’s Party	60	2,034427118	2,034427118	11,21904034	9,966350928	1	1	0,363332188	0	0,578	-1,236757038	-13,311	0,125008437	-12,974	-13,9	-0,395331091
DK	13-11-2007	13620	KF Conservative People’s Party	60	1,635660859	2,034427118	12,22596913	11,21904034	1	1	-0,510829878	0	2,479	0,847220711	1,901	0	-0,984	3,148	-2,398198886
DK	15-09-2011	13620	KF Conservative People’s Party	60	1,635660859	1,635660859	10,68255265	12,22596913	1	1	1,4626155	0	0	-1,945792999	-2,479	NaN	14,976	15,069	0,847817947
EE	02-03-2003	83410	M People’s Party Moderates	30	5	5	2,308522332	11,09060815	1	1	-0,061453366	0	0	-1,098832264	-0,599	NaN	-6,802	-6,528	-1,05716684
EE	04-03-2007	83410	SDE Social Democratic Party	30	5	5	12,87435048	2,308522332	1	1	-0,373969479	1,538	1,958	0,232067922	1,958	NaN	5,495	2,227	0,58618627
EE	06-03-2011	83410	SDE Social Democratic Party	30	5	5	15,52099254	12,87435048	1	1	-0,331999702	2,908	1,616	-0,798202023	-0,342	-0,405725275	-5,869	-5,869	0,050816299
EE	02-03-2003	83411	K Estonian Center Party	40	5	5	2,308522332	11,09060815	1	1	0,03711473	0	0	-2,397764355	-2,024	NaN	-3,208	-3,994	-2,533570941
EE	04-03-2007	83411	K Estonian Center Party	40	5	5	12,87435048	2,308522332	1	1	-1,048561294	1,023	0,512	-0,587003404	0,512	NaN	-2,115	-2,692	-0,45117341
EE	06-03-2011	83411	K Estonian Center Party	40	5	5	15,52099254	12,87435048	1	1	-0,421902897	1,119	0,447	-0,202569096	-0,065	-0,096219751	0,954	1,369	2,098955566
EE	02-03-2003	83430	ER Estonian Reform Party	40	5	5	2,308522332	11,09060815	1	1	0,174354934	0	0	0	0	NaN	-1,587	-4,323	-3,924074633
EE	04-03-2007	83430	ER Estonian Reform Party	40	5	5	12,87435048	2,308522332	1	1	0,25453116	1,568	2,787	0,551876098	2,787	NaN	12,066	11,677	0,938503065
EE	06-03-2011	83430	ER Estonian Reform Party	40	5	5	15,52099254	12,87435048	1	1	0,11623045	2,345	1,325	-1,106505816	-1,462	-0,557837307	-7,284	-6,672	-0,016823475
ES	28-10-1982	33320	PSOE Spanish Socialist Workers’ Party	30	1,345355	1,345355	-1,302475189	0,764877114	0	1	-0,42397401	0,05	0,149	3,241310453	0,149	1,497487437	1,628	1,641	-0,63363119
ES	22-06-1986	33320	PSOE Spanish Socialist Workers’ Party	30	1,345355	1,345355	-1,128915476	-1,302475189	0	0	-0,618580406	0,23	0	-3,240357417	-0,149	-1,497487437	-1,902	-2,621	0,366911794
ES	29-10-1989	33320	PSOE Spanish Socialist Workers’ Party	30	1,345355	1,345355	-1,227302803	-1,122188476	0	0	-1,184204757	0,203	0	0,45050789	0	0	0,661	1,29	-0,780834974
ES	06-06-1993	33320	PSOE Spanish Socialist Workers’ Party	30	1,345355	1,345355	-1,311171572	-1,234029803	0	0	-1,334518674	0,328	0	-0,45167178	0	0	-2,467	-2,26	-0,510048963
ES	03-03-1996	33320	PSOE Spanish Socialist Workers’ Party	30	1,345355	1,345355	-1,296988482	-1,311171572	0	0	-0,201290286	0,368	0,028	0,194066924	0,028	0,141414141	0,594	1,292	-0,466914599
ES	12-03-2000	33320	PSOE Spanish Socialist Workers’ Party	30	1,345355	1,345355	-1,283102163	-1,296988482	0	0	-0,836653659	0,773	0	-0,839843733	-0,028	-0,141414141	0,523	-0,894	-0,035222474
ES	14-03-2004	33320	PSOE Spanish Socialist Workers’ Party	30	1,345355	1,345355	-1,286725218	-1,283102163	0	0	-0,557904213	1,297	0	-1,717948008	0	0	-2,367	-1,338	0,218190946
ES	09-03-2008	33320	PSOE Spanish Socialist Workers’ Party	30	1,345355	1,345355	-1,290864676	-1,286725218	0	0	-1,208614854	0,814	0	0,444160136	0	0	0,839	0,44	-0,257073645
ES	20-11-2011	33320	PSOE Spanish Socialist Workers’ Party	30	1,345355	1,345355	-1,306771339	-1,290864676	0	0	-1,33975959	0,723	0	0,883691169	0	0	-0,975	-1,189	-0,209425891
ES	28-10-1982	33430	UCD Union of the Democratic Centre/Centrist Bloc	40	1,345355	1,345355	-1,302475189	0,764877114	0	1	-0,305941755	0,275	0,206	1,69346819	0,206	0,856548857	-2,085	-0,85	-0,656076095
ES	22-06-1986	33610	AP Popular Alliance	60	1,345355	1,345355	-1,128915476	-1,302475189	0	0	0,527254107	0,342	0	-1,210619257	-0,036	-0,222910217	-2,82	-2,548	-0,199546946
ES	29-10-1989	33610	PP Popular Party	60	1,345355	1,345355	-1,227302803	-1,122188476	0	0	-0,135555615	0,093	0	1,3313107	0	0	4,521	2,36	-1,018640882
ES	06-06-1993	33610	PP Popular Party	60	1,345355	1,345355	-1,311171572	-1,234029803	0	0	-0,365030315	0	0	1,611839027	0	NaN	-5,843	-4,44	0,478143582
ES	03-03-1996	33610	PP Popular Party	60	1,345355	1,345355	-1,296988482	-1,311171572	0	0	0,506892063	0,254	0	-2,707065717	0	NaN	2,036	1,677	-1,684893225
ES	12-03-2000	33610	PP Popular Party	60	1,345355	1,345355	-1,283102163	-1,296988482	0	0	0,228038389	0,1	0	0,762013078	0	0	-1,242	-0,564	0,351583151
ES	14-03-2004	33610	PP Popular Party	60	1,345355	1,345355	-1,286725218	-1,283102163	0	0	0,420189659	0,047	0,451	4,007112928	0,451	1,81124498	5,368	5,405	-0,115506176
ES	09-03-2008	33610	PP Popular Party	60	1,345355	1,345355	-1,290864676	-1,286725218	0	0	-0,20510221	0,396	0,792	-1,384178381	0,341	-0,477911647	0,291	-1,069	-0,714662317
ES	20-11-2011	33610	PP Popular Party	60	1,345355	1,345355	-1,306771339	-1,290864676	0	0	-0,137321909	0,052	0,261	0,623741465	-0,531	0,334398296	-4,504	-4,74	1,804088268
FI	21-03-1983	14221	SKDL Finnish People’s Democratic Union	20	1,351040702	1,351040702	-1,351040702	-1,351040702	0	0	-2,258755463	0	0	0	0	NaN	0	0	-1,550284472
FI	16-03-1987	14221	SKDL Finnish People’s Democratic Union	20	1,351040702	1,351040702	-1,351040702	-1,351040702	0	0	-2,010019957	0	0	0	0	NaN	0	0	-1,712989323
FI	21-03-1983	14320	SSDP Finnish Social Democrats	30	1,351040702	1,351040702	-1,351040702	-1,351040702	0	0	1,363343575	0	0	0	0	NaN	0	0	-0,830081047
FI	16-03-1987	14320	SSDP Finnish Social Democrats	30	1,351040702	1,351040702	-1,351040702	-1,351040702	0	0	-4,262689736	0	0	0	0	NaN	0	0	1.23079195311071E-5
FI	17-03-1991	14320	SSDP Finnish Social Democrats	30	1,351040702	1,351040702	-1,351040702	-1,351040702	0	0	0,035734638	0	0	0	0	NaN	0	0	-0,570556431
FI	19-03-1995	14320	SSDP Finnish Social Democrats	30	1,351040702	1,351040702	-1,276425134	-1,351040702	0	0	-0,659211652	0	0	0	0	NaN	0	0	2,88413087
FI	21-03-1999	14320	SSDP Finnish Social Democrats	30	1,351040702	1,351040702	-1,170045801	-1,276425134	0	0	-0,043489348	5,479	0	-2,197151241	0	NaN	-5,479	-5,479	0,251350302
FI	16-03-2003	14320	SSDP Finnish Social Democrats	30	1,351040702	1,351040702	-1,187022129	-1,170045801	0	0	-0,987396768	0	0	2,197151241	0	NaN	11,15	12,181	-1,334909278
FI	18-03-2007	14320	SSDP Finnish Social Democrats	30	1,351040702	1,351040702	-1,209992861	-1,187022129	0	0	-1,31115595	0,754	0,754	0	0,754	NaN	-3,912	-4,943	0,747034615
FI	17-04-2011	14320	SSDP Finnish Social Democrats	30	1,351040702	1,351040702	-1,351040702	-1,209992861	0	0	-0,523469178	1,226	0	-2,708111533	-0,754	-1	-2,985	-2,985	1,489368126
FI	21-03-1983	14620	KK National Coalition	60	1,351040702	1,351040702	-1,351040702	-1,351040702	0	0	-0,636043146	0	0	0	0	NaN	0	8,333	-2,197242355
FI	16-03-1987	14620	KK National Coalition	60	1,351040702	1,351040702	-1,351040702	-1,351040702	0	0	-1,32821981	0	0	0	0	NaN	0	-8,333	1,707724385
FI	17-03-1991	14620	KK National Coalition	60	1,351040702	1,351040702	-1,351040702	-1,351040702	0	0	-0,188063305	0	0	0	0	NaN	0	0	-2,218553564
FI	19-03-1995	14620	KK National Coalition	60	1,351040702	1,351040702	-1,276425134	-1,351040702	0	0	0,683227906	0	0	0	0	NaN	1,755	1,755	2,564932027
FI	21-03-1999	14620	KK National Coalition	60	1,351040702	1,351040702	-1,170045801	-1,276425134	0	0	0,99030939	0	0	0	0	NaN	10,745	23,245	-1,466426397
FI	16-03-2003	14620	KK National Coalition	60	1,351040702	1,351040702	-1,187022129	-1,170045801	0	0	0,229545807	0	0	0	0	NaN	-6,646	-17,683	0,871931784
FI	18-03-2007	14620	KK National Coalition	60	1,351040702	1,351040702	-1,209992861	-1,187022129	0	0	-0,626249868	2,222	0,556	-1,097990205	0,556	NaN	-2,52	-5,65	-2,629689295
FI	17-04-2011	14620	KK National Coalition	60	1,351040702	1,351040702	-1,351040702	-1,209992861	0	0	0,406986021	2,25	0,25	-0,747836486	-0,306	-0,200287977	-3,334	-1,417	2,268711127
FI	21-03-1983	14810	KESK Centre Party	80	1,351040702	1,351040702	-1,351040702	-1,351040702	0	0	-3,610899534	0	0	0	0	NaN	0,833	-0,834	0,646923042
FI	16-03-1987	14810	KESK Centre Party	80	1,351040702	1,351040702	-1,351040702	-1,351040702	0	0	-0,350754829	0	0	0	0	NaN	0	3,376	-2,364360805
FI	17-03-1991	14810	SK Finnish Centre	80	1,351040702	1,351040702	-1,351040702	-1,351040702	0	0	0,043491221	0	0	0	0	NaN	0	-3,376	0,719171223
FI	19-03-1995	14810	SK Finnish Centre	80	1,351040702	1,351040702	-1,276425134	-1,351040702	0	0	1,421384597	0	0	0	0	NaN	4,878	4,878	1,609405701
FI	21-03-1999	14810	SK Finnish Centre	80	1,351040702	1,351040702	-1,170045801	-1,276425134	0	0	-0,048488867	0,35	0	-1,099278733	0	NaN	-4,179	-4,179	-0,862170382
FI	16-03-2003	14810	SK Finnish Centre	80	1,351040702	1,351040702	-1,187022129	-1,170045801	0	0	-0,266491643	0	0	1,099278733	0	NaN	-0,699	-0,335	-1,122452139
FI	18-03-2007	14810	SK Finnish Centre	80	1,351040702	1,351040702	-1,209992861	-1,187022129	0	0	-0,584776293	0,256	0,128	-0,510953534	0,128	NaN	2,046	2,961	3,200321011
FI	17-04-2011	14810	SK Finnish Centre	80	1,351040702	1,351040702	-1,351040702	-1,209992861	0	0	-0,571238907	0,758	1,042	0,813013526	0,914	0,491111111	-1,573	3,777	-0,672733148
GR	18-10-1981	34313	PASOK Panhellenic Socialist Movement	30	1,576541034	1,576541034	-1,576541034	-1,576541034	0	0	-1,115426241	0,334	0	-4,142496121	-0,037	-2	0,425	1,191	1,063017629
GR	02-06-1985	34313	PASOK Panhellenic Socialist Movement	30	1,576541034	1,576541034	-1,576541034	-1,576541034	0	0	-1,113117848	0,031	0	1,941198646	0	0	0,371	-0,309	0,419961909
GR	18-06-1989	34313	PASOK Panhellenic Socialist Movement	30	1,576541034	1,576541034	-1,576541034	-1,576541034	0	0	-0,816799841	0	0	1,102365238	0	NaN	1,354	1,231	-0,071385118
GR	05-11-1989	34313	PASOK Panhellenic Socialist Movement	30	1,576541034	1,576541034	-1,576541034	-1,576541034	0	0	-0,308853108	0	0	0	0	NaN	-0,898	-0,179	0,988419301
GR	05-11-1989	34313	PASOK Panhellenic Socialist Movement	30	1,576541034	1,576541034	-1,576541034	-1,576541034	0	0	-0,308853108	0	0	0	0	NaN	-0,898	-0,179	0,988419301
GR	08-04-1990	34313	PASOK Panhellenic Socialist Movement	30	1,576541034	1,576541034	-1,576541034	-1,576541034	0	0	-1,173995879	0,134	0	-1,945984432	0	NaN	-1,237	-1,956	-1,285414418
GR	10-10-1993	34313	PASOK Panhellenic Socialist Movement	30	3	1,576541034	-3	-1,576541034	0	0	-1,086086549	0	0	1,945984432	0	NaN	1,389	1,599	-0,111174662
GR	22-09-1996	34313	PASOK Panhellenic Socialist Movement	30	3	3	-2,819824311	-3	0	0	-0,783543553	0,127	0	-2,835420319	0	NaN	-0,76	-0,495	0,727204679
GR	09-04-2000	34313	PASOK Panhellenic Socialist Movement	30	3	3	-1,235200082	-2,819824311	0	0	-0,913348263	0,343	0	-0,460394325	0	0	-0,022	-0,154	-0,43257157
GR	07-03-2004	34313	PASOK Panhellenic Socialist Movement	30	3	3	-0,81087853	-1,235200082	0	0	-0,535271895	0,902	0	-0,847375319	0	0	-1,186	-1,383	-2,213156956
GR	16-09-2007	34313	PASOK Panhellenic Socialist Movement	30	3	3	0,795445058	-0,81087853	1	0	-0,595803379	0,672	0,045	1,810671621	0,045	0,125523013	1,925	2,048	0,886094193
GR	18-10-1981	34511	ND New Democracy	50	1,576541034	1,576541034	-1,576541034	-1,576541034	0	0	0,986701228	0	0	0	0	NaN	-1,563	0,28	-1,241400083
GR	02-06-1985	34511	ND New Democracy	50	1,576541034	1,576541034	-1,576541034	-1,576541034	0	0	0,111248431	0	0	0	0	NaN	-10,562	-12,405	2,576342613
GR	18-06-1989	34511	ND New Democracy	50	1,576541034	1,576541034	-1,576541034	-1,576541034	0	0	1,757962807	0	0	0	0	NaN	7,38	7,38	-0,998198289
GR	10-10-1993	34511	ND New Democracy	50	3	1,576541034	-3	-1,576541034	0	0	1,142120936	0	0	0	0	NaN	8,166	8,073	0,13549748
GR	22-09-1996	34511	ND New Democracy	50	3	3	-2,819824311	-3	0	0	-0,952550236	0	0	0	0	NaN	-16,849	-17,196	-1,31561701
GR	09-04-2000	34511	ND New Democracy	50	3	3	-1,235200082	-2,819824311	0	0	-0,217566829	0	0,045	1,095841788	0,045	NaN	4,879	6,32	1,391665033
GR	07-03-2004	34511	ND New Democracy	50	3	3	-0,81087853	-1,235200082	0	0	-0,780436522	0	0	-1,095841788	-0,045	NaN	-0,867	-2,309	-2,009391343
GR	16-09-2007	34511	ND New Democracy	50	3	3	0,795445058	-0,81087853	1	0	-0,617316159	0	0	0	0	NaN	-4,26	-2,11	1,588857029
HR	04-12-2011	81032	Kukuriku Kukuriku Coalition	30	1,58113883	1,58113883	1,229610427	1,916613492	1	1	-0,776072946	0,074	0						
HR	23-11-2003	81223	SDP Social Democratic Party of Croatia	20	1,58113883	1,58113883	4,791959319	3,942691572	1	1	-0,611043908	3,03	0	-0,784374426	0	0	-3,48	-1,56	-1,521666045
HR	25-11-2007	81223	SDP Social Democratic Party of Croatia	20	1,58113883	1,58113883	1,916613492	4,791959319	1	1	-0,340211655	0,22	0	1,30146131	0	0	9,94	7,52	1,98513821
IE	11-06-1981	53320	Labour Labour Party	30	2,31997255	2,558187118	-2,31997255	-2,558187118	0	0	-0,338771197	0	0	0	0	NaN	2,1	2,1	-1,162557317
IE	18-02-1982	53320	Labour Labour Party	30	2,31997255	2,31997255	-2,31997255	-2,31997255	0	0	-0,847283574	0	0	0	0	NaN	-3,9	-7,348	-0,955203089
IE	24-11-1982	53320	Labour Labour Party	30	2,31997255	2,31997255	-2,31997255	-2,31997255	0	0	-1,511774065	0	0	0	0	NaN	4,211	6,08	0
IE	17-02-1987	53320	Labour Labour Party	30	2,31997255	2,31997255	-2,31997255	-2,31997255	0	0	-0,943765442	0	0	0	0	NaN	-3,18	-2,288	0,730746596
IE	15-06-1989	53320	Labour Labour Party	30	2,31997255	2,31997255	-2,31997255	-2,31997255	0	0	-0,967300463	0	0	0	0	NaN	-1,031	-0,344	0,367748355
IE	25-11-1992	53320	Labour Labour Party	30	2,31997255	2,31997255	-2,31997255	-2,31997255	0	0	-0,473069995	0	0	0	0	NaN	2,817	3,457	-1,435409854
IE	06-06-1997	53320	Labour Labour Party	30	2,31997255	2,31997255	-2,31997255	-2,31997255	0	0	-0,268588206	0,462	0	-2,945385899	0	NaN	2,926	0,44	-0,272071177
IE	17-05-2002	53320	Labour Labour Party	30	2,33680554	2,31997255	-2,33680554	-2,31997255	0	0	-0,945540552	1,298	0,076	0,485495363	0,076	0,11062591	-0,858	0,988	-0,231004254
IE	24-05-2007	53320	Labour Labour Party	30	2,353147796	2,33680554	-2,353147796	-2,33680554	0	0	-0,924972503	0,275	0	-0,103865802	-0,076	-0,11062591	-5,114	-5,252	-1,401842176
IE	25-02-2011	53320	Labour Labour Party	30	2,353147796	2,353147796	-2,353147796	-2,353147796	0	0	-0,486630606	2,16	0	-1,579251396	0	0	1,065	0,018	1,659082507
IE	11-06-1981	53520	Familiy of the Irish	50	2,31997255	2,558187118	-2,31997255	-2,558187118	0	0	0,321525387	0	0	0	0	NaN	2,3	2,3	-1,360340697
IE	18-02-1982	53520	Familiy of the Irish	50	2,31997255	2,31997255	-2,31997255	-2,31997255	0	0	0,363318165	0	0	0	0	NaN	-4,1	-4,1	0,852454344
IE	24-11-1982	53520	Familiy of the Irish	50	2,31997255	2,31997255	-2,31997255	-2,31997255	0	0	0,526703683	0	0	0	0	NaN	11,801	12,422	-5,88E-04
IE	17-02-1987	53520	Familiy of the Irish	50	2,31997255	2,31997255	-2,31997255	-2,31997255	0	0	-0,468903317	0	0	0	0	NaN	-6,676	-8,672	-0,962658736
IE	15-06-1989	53520	Familiy of the Irish	50	2,31997255	2,31997255	-2,31997255	-2,31997255	0	0	-0,565918461	0	0	0	0	NaN	0,253	0,713	-2,246396058
IE	25-11-1992	53520	Familiy of the Irish	50	2,31997255	2,31997255	-2,31997255	-2,31997255	0	0	0,275904774	0	0	0	0	NaN	1,479	6,394	2,697881056
IE	06-06-1997	53520	Familiy of the Irish	50	2,31997255	2,31997255	-2,31997255	-2,31997255	0	0	0,342708744	0,079	0	-1,097651828	0	NaN	3,112	0,536	-1,991504572
IE	17-05-2002	53520	Familiy of the Irish	50	2,33680554	2,31997255	-2,33680554	-2,31997255	0	0	-0,355274982	0,414	0	-0,511634073	0	0	-2,516	-3,94	-0,348525012
IE	24-05-2007	53520	Familiy of the Irish	50	2,353147796	2,33680554	-2,353147796	-2,33680554	0	0	-0,471798347	1,454	0	-2,501457463	0	0	-6,048	-5,903	-0,423817905
IE	25-02-2011	53520	Familiy of the Irish	50	2,353147796	2,353147796	-2,353147796	-2,353147796	0	0	0,031916678	1,467	0	0,303858677	0	0	0,261	0,383	1,043028093
IE	11-06-1981	53620	Soldiers of Destiny	60	2,31997255	2,558187118	-2,31997255	-2,558187118	0	0	-0,080538445	0	0	0	0	NaN	1	1,2	-1,621402487
IE	18-02-1982	53620	Soldiers of Destiny	60	2,31997255	2,31997255	-2,31997255	-2,31997255	0	0	-0,36772478	0	0	0	0	NaN	5,6	1	-0,905127722
IE	24-11-1982	53620	Soldiers of Destiny	60	2,31997255	2,31997255	-2,31997255	-2,31997255	0	0	-0,871837562	0	0	0	0	NaN	-4,453	-0,453	0
IE	17-02-1987	53620	Soldiers of Destiny	60	2,31997255	2,31997255	-2,31997255	-2,31997255	0	0	-0,148664856	0	0	0	0	NaN	0,11	-1,609	0,393609199
IE	15-06-1989	53620	Soldiers of Destiny	60	2,31997255	2,31997255	-2,31997255	-2,31997255	0	0	-0,43117314	0	0	0	0	NaN	-3,49	-2,043	-1,426612239
IE	25-11-1992	53620	Soldiers of Destiny	60	2,31997255	2,31997255	-2,31997255	-2,31997255	0	0	-0,144781079	2,841	0	-2,397924363	0	NaN	-0,19	1,787	-0,065929266
IE	06-06-1997	53620	Soldiers of Destiny	60	2,31997255	2,31997255	-2,31997255	-2,31997255	0	0	0,195121277	0,369	0	-0,434410948	0	0	3,456	2,536	0,448564932
IE	17-05-2002	53620	Soldiers of Destiny	60	2,33680554	2,31997255	-2,33680554	-2,31997255	0	0	-0,363486552	1,546	0	-1,099444046	0	0	-8,917	-9,702	1,286224088
IE	24-05-2007	53620	Soldiers of Destiny	60	2,353147796	2,33680554	-2,353147796	-2,33680554	0	0	-0,512007805	0,409	0	1,097599422	0	0	6,285	7,868	-3,772687976
IE	25-02-2011	53620	Soldiers of Destiny	60	2,353147796	2,353147796	-2,353147796	-2,353147796	0	0	0,136901007	0	0	2,834179936	0	NaN	-4,034	-5,617	4,023883486
IT	13-04-2008	32061	PdL People of Freedom	60	4	4	4,055376517	0,462130549	1	1	0,544536681	0	0			NaN			
IT	24-02-2013	32061	PdL People of Freedom	60	4	4	0,087972999	4,055376517	1	1	0,144415228	0	0	0	0	NaN	-9,714	-11,562	-1,418380941
IT	26-06-1983	32220	PCI Italian Communist Party	20	0,640882279	0,640882279	6,160452204	4,620433595	1	1	-0,423348656	0	0,212	1,609101856	0,212	NaN	-0,048	0,955	0,65632044
IT	14-06-1987	32220	PCI Italian Communist Party	20	0,640882279	0,640882279	5,275714317	6,160452204	1	1	-0,85030319	0,352	0	-2,707500789	-0,212	-2	-4,586	-4,904	-3,952203133
IT	06-04-1992	32220	PDS Democratic Party of the Left	20	0,640882279	0,640882279	8,017637427	5,275714317	1	1	0,623597428	0,37	0	4.53532895577924E-4	0	0	3,576	3,576	3,761151742
IT	26-06-1983	32320	PSI Italian Socialist Party	30	0,640882279	0,640882279	6,160452204	4,620433595	1	1	-0,359139793	0	0	-1,609873817	-0,273	NaN	0,725	4,239	-0,570244496
IT	14-06-1987	32320	PSI Italian Socialist Party	30	0,640882279	0,640882279	5,275714317	6,160452204	1	1	0,175668039	0	0	0	0	NaN	-3,454	-3,179	0,385550245
IT	06-04-1992	32320	PSI Italian Socialist Party	30	0,640882279	0,640882279	8,017637427	5,275714317	1	1	0,365008254	0,394	0	-1,945435751	0	NaN	-1,051	-2,111	-1,555151647
IT	13-04-2008	32440	PD Democratic Party	40	4	4	4,055376517	0,462130549	1	1	0,020417533	0	0			NaN			
IT	24-02-2013	32440	PD Democratic Party	40	4	4	0,087972999	4,055376517	1	1	-0,263243718	0	0	0	0	NaN	-1,382	-2,273	1,209500329
IT	26-06-1983	32520	DC Christian Democrats	50	0,640882279	0,640882279	6,160452204	4,620433595	1	1	-0,193608209	0	0	0	0	NaN	-1,384	-0,908	-0,121442697
IT	14-06-1987	32520	DC Christian Democrats	50	0,640882279	0,640882279	5,275714317	6,160452204	1	1	0,182808769	0,236	0	-1,609005819	0	NaN	-1,54	2,47	-2,923488451
IT	06-04-1992	32520	DC Christian Democrats	50	0,640882279	0,640882279	8,017637427	5,275714317	1	1	0,372475951	1,197	0	-2,002067757	0	0	1,025	1,393	-0,578753309
LU	12-06-1994	23113	GLEI-GAP Green Left Ecological Initiative - Green Alternative	10	2,95	2,95	-0,35	-0,65	0	0	-1,934441018	0,412	0,176						
LU	13-06-1999	23113	GLEI-GAP Green Left Ecological Initiative - Green Alternative	10	2,95	2,95	-2,95	-0,35	0	0	-0,246056983	2,139	0	-3,278072501	-0,176	-0,598639456	-7,689	-6,484	1,18237597
LU	13-06-2004	23113	GLEI-GAP Green Left Ecological Initiative - Green Alternative	10	2,95	2,95	-2,95	-2,95	0	0	-1,398904545	0,282	0	2,43497311	0	0	8,466	5,599	1,73767455
LU	07-06-2009	23113	GLEI-GAP Green Left Ecological Initiative - Green Alternative	10	2,95	2,95	-2,95	-2,95	0	0	-1,341237873	2,472	0,412	-0,086546546	0,412	0,285714286	-2,117	-2,267	0,840274337
LU	20-10-2013	23113	GLEI-GAP Green Left Ecological Initiative - Green Alternative	10	2,95	2,95	-2,95	-2,95	0	0	-1,201292317	1,514	0,315	0,199489973	-0,097	0,058736234	3,244	3,741	-0,764831092
LU	20-10-2013	23113	GLEI-GAP Green Left Ecological Initiative - Green Alternative	10	2,95	2,95	-2,95	-2,95	0	0	-1,201292317	1,514	0,315	0,199489973	-0,097	0,058736234	3,244	3,741	-0,764831092
LU	17-06-1984	23320	LSAP/POSL Socialist Workers’ Party of Luxembourg	30	2,95	2,95	-2,95	-2,95	0	0	-1,446467266	0	0	1,945178453	0	NaN	2,222	2,527	-2,584824327
LU	18-06-1989	23320	LSAP/POSL Socialist Workers’ Party of Luxembourg	30	2,95	2,95	-0,65	-2,95	0	0	-0,871406427	0,8	0	-2,788954076	0	NaN	-0,474	1,626	0,395643932
LU	12-06-1994	23320	LSAP/POSL Socialist Workers’ Party of Luxembourg	30	2,95	2,95	-0,35	-0,65	0	0	-1,105124372	0,588	0,392	2,421242976	0,392	0,8	-1,143	-4,027	-1,094030141
LU	13-06-1999	23320	LSAP/POSL Socialist Workers’ Party of Luxembourg	30	2,95	2,95	-2,95	-0,35	0	0	-0,939606135	1,134	0	-2,999922604	-0,392	-0,8	-2,178	-1,961	3,143716045
LU	13-06-2004	23320	LSAP/POSL Socialist Workers’ Party of Luxembourg	30	2,95	2,95	-2,95	-2,95	0	0	-1,026424824	0,733	0,44	2,888485811	0,44	0,750213129	6,048	5,002	-0,304719122
LU	07-06-2009	23320	LSAP/POSL Socialist Workers’ Party of Luxembourg	30	2,95	2,95	-2,95	-2,95	0	0	-1,210268633	1,476	0,759	-0,172727907	0,319	-0,071018498	0,322	1,598	0,340588272
LU	20-10-2013	23320	LSAP/POSL Socialist Workers’ Party of Luxembourg	30	2,95	2,95	-2,95	-2,95	0	0	-1,030663223	0,693	0,693	0,6518758	-0,066	0,320805369	0,382	-0,753	1,259283129
LU	20-10-2013	23320	LSAP/POSL Socialist Workers’ Party of Luxembourg	30	2,95	2,95	-2,95	-2,95	0	0	-1,030663223	0,693	0,693	0,6518758	-0,066	0,320805369	0,382	-0,753	1,259283129
LU	17-06-1984	23420	DP/PD Democratic Party	40	2,95	2,95	-2,95	-2,95	0	0	0,5415697	0	0	3,367211689	0	NaN	5,418	6,468	3,555030962
LU	18-06-1989	23420	DP/PD Democratic Party	40	2,95	2,95	-0,65	-2,95	0	0	0,094320005	1,1	0	-2,6121265	0	NaN	-4,323	-3,239	-1,193572951
LU	12-06-1994	23420	DP/PD Democratic Party	40	2,95	2,95	-0,35	-0,65	0	0	0,683752624	0	0,768	4,809635481	0,768	2	3,919	2,319	-1,540517511
LU	13-06-1999	23420	DP/PD Democratic Party	40	2,95	2,95	-2,95	-0,35	0	0	0,051684741	0,45	0	-4,394844664	-0,768	-2	-4,281	-5,293	2,889976852
LU	13-06-2004	23420	DP/PD Democratic Party	40	2,95	2,95	-2,95	-2,95	0	0	-0,553221084	0,304	0	-7,06E-04	0	0	2,211	1,249	-0,501123724
LU	07-06-2009	23420	DP/PD Democratic Party	40	2,95	2,95	-2,95	-2,95	0	0	-0,422544357	0,262	0,523	2,850181735	0,523	1,332484076	1,328	-1,757	-0,690642375
LU	20-10-2013	23420	DP/PD Democratic Party	40	2,95	2,95	-2,95	-2,95	0	0	-0,244791961	1,281	0,915	-0,982995494	0,392	-0,499150743	0,762	4,614	0,485192193
LU	20-10-2013	23420	DP/PD Democratic Party	40	2,95	2,95	-2,95	-2,95	0	0	-0,244791961	1,281	0,915	-0,982995494	0,392	-0,499150743	0,762	4,614	0,485192193
LU	17-06-1984	23520	CSV/PCS Christian Social People’s Party	50	2,95	2,95	-2,95	-2,95	0	0	-0,604665112	0	0	1,945052639	0	NaN	2,404	1,397	-3,025587369
LU	18-06-1989	23520	CSV/PCS Christian Social People’s Party	50	2,95	2,95	-0,65	-2,95	0	0	0,276874066	0,9	0,9	0	0,9	NaN	2,399	6,702	2,948466586
LU	12-06-1994	23520	CSV/PCS Christian Social People’s Party	50	2,95	2,95	-0,35	-0,65	0	0	-0,67252658	0,315	0,71	0,748798815	-0,19	0,385365854	-1,515	-5,86	-2,248110191
LU	13-06-1999	23520	CSV/PCS Christian Social People’s Party	50	2,95	2,95	-2,95	-0,35	0	0	-0,421350002	2,018	1,806	-0,858267901	1,096	-0,440805184	2,015	0,772	0,995806305
LU	13-06-2004	23520	CSV/PCS Christian Social People’s Party	50	2,95	2,95	-2,95	-2,95	0	0	-0,699472216	0,458	1,068	0,925649592	-0,738	0,455177207	1,858	0,404	1,421599083
LU	07-06-2009	23520	CSV/PCS Christian Social People’s Party	50	2,95	2,95	-2,95	-2,95	0	0	-0,231351833	2,189	0,864	-1,726087673	-0,204	-0,833737222	-5,517	-5,514	0,80450663
LU	20-10-2013	23520	CSV/PCS Christian Social People’s Party	50	2,95	2,95	-2,95	-2,95	0	0	-0,302054749	1,41	0,705	0,246606712	-0,159	0,100666012	6,717	7,578	-0,642655035
LU	20-10-2013	23520	CSV/PCS Christian Social People’s Party	50	2,95	2,95	-2,95	-2,95	0	0	-0,302054749	1,41	0,705	0,246606712	-0,159	0,100666012	6,717	7,578	-0,642655035
LV	05-10-2002	87410	LC Latvian Way Union	40	5	5	0,392179139	9,731665866	1	1	-0,050054845	1,563	0	-1,098825599	0	NaN	3,453	2,645	1,650937018
LV	05-10-2002	87422	PCTVL For Human Rights in a United Latvia	30	5	5	0,392179139	9,731665866	1	1	0,076961219	3,226	0						
LV	05-10-2002	87423	JL New Era	60	5	5	0,392179139	9,731665866	1	1	-0,36770159	0	0			NaN			
LV	05-10-2002	87610	TP People’s Party	60	5	5	0,392179139	9,731665866	1	1	0,143099476	0	0	1,09887892	0	NaN	-3,99	-5,424	2,433291985
NL	26-05-1981	22320	PvdA Labour Party	30	0,666666667	0,666666667	-0,666666667	-0,666666667	0	0	-1,21689903	0,3	0	-0,718985257	0	0	1	1,1	3,848762486
NL	08-09-1982	22320	PvdA Labour Party	30	0,666666667	0,666666667	-0,666666667	-0,666666667	0	0	-0,763535825	0,4	0	0,333223853	0	0	-0,1	0,1	-1,776900887
NL	21-05-1986	22320	PvdA Labour Party	30	0,666666667	0,666666667	-0,5325761	-0,666666667	0	0	-0,975237627	0,2	0	-0,098159764	0	0	-0,4	-0,3	0,71284536
NL	06-09-1989	22320	PvdA Labour Party	30	0,666666667	0,666666667	0,251667387	-0,5325761	1	0	-1,041000072	0,4	0	-0,243264955	0	0	0,6	0,6	-0,455202527
NL	03-05-1994	22320	PvdA Labour Party	30	0,666666667	0,666666667	1,79096985	0,251667387	1	1	0,194950304	0,176	0,044	1,207450199	0,044	0,4	5,487	3,117	0,347800022
NL	06-05-1998	22320	PvdA Labour Party	30	0,666666667	0,666666667	-0,05993697	1,79096985	0	1	-1,027963757	0,64	0,345	0,512399577	0,301	0,300507614	-2,334	-0,062	0,107166701
NL	15-05-2002	22320	PvdA Labour Party	30	0,666666667	0,666666667	16,32917763	-0,05993697	1	0	-0,33563718	0,586	0,195	-0,450900446	-0,15	-0,201147819	-1,082	-0,554	0,043894634
NL	22-01-2003	22320	PvdA Labour Party	30	0,666666667	0,666666667	5,029914452	16,32917763	1	1	-0,09914544	0	1,754	3,745472631	1,559	1,500640205	7,202	6,772	-2,023969679
NL	22-11-2006	22320	PvdA Labour Party	30	0,666666667	0,666666667	5,223247664	5,029914452	1	1	0,034704123	1,411	1,411	-2,707844847	-0,343	-1	-4,202	-3,011	2,6973992
NL	09-06-2010	22320	PvdA Labour Party	30	0,666666667	0,666666667	14,78036865	5,223247664	1	1	0,024209649	1,546	1,249	-0,208851773	-0,162	-0,106261181	-0,671	-0,851	-0,083315758
NL	12-09-2012	22320	PvdA Labour Party	30	0,666666667	0,666666667	9,416517804	14,78036865	1	1	-0,237758783	0,833	0,87	0,251405711	-0,379	0,127987546	-2,624	-3,852	-0,461084954
NL	26-05-1981	22420	VVD People’s Party for Freedom and Democracy	40	0,666666667	0,666666667	-0,666666667	-0,666666667	0	0	0,304663304	0,7	0	-0,598929712	0	0	-1,5	-0,9	1,351933217
NL	08-09-1982	22420	VVD People’s Party for Freedom and Democracy	40	0,666666667	0,666666667	-0,666666667	-0,666666667	0	0	0,748393491	0	0	2,960726664	0	NaN	-0,5	0,1	-1,168828663
NL	21-05-1986	22420	VVD People’s Party for Freedom and Democracy	40	0,666666667	0,666666667	-0,5325761	-0,666666667	0	0	0,296379651	0,3	0	-2,353468303	0	NaN	2,9	2,6	0,396884958
NL	06-09-1989	22420	VVD People’s Party for Freedom and Democracy	40	0,666666667	0,666666667	0,251667387	-0,5325761	1	0	0,206326886	0	0	2,353468303	0	NaN	-0,6	-0,3	-0,262040492
NL	03-05-1994	22420	VVD People’s Party for Freedom and Democracy	40	0,666666667	0,666666667	1,79096985	0,251667387	1	1	0,541511099	0	1,275	2,708016867	1,275	NaN	3,347	1,889	-0,19185215
NL	06-05-1998	22420	VVD People’s Party for Freedom and Democracy	40	0,666666667	0,666666667	-0,05993697	1,79096985	0	1	0,315174426	0,426	1,384	-1,609749813	0,109	-0,470718232	4,15	5,182	1,111863965
NL	15-05-2002	22420	VVD People’s Party for Freedom and Democracy	40	0,666666667	0,666666667	16,32917763	-0,05993697	1	0	0,680512646	0,374	0	-3,496231416	-1,384	-1,529281768	-2,542	-2,116	-0,237627903
NL	22-01-2003	22420	VVD People’s Party for Freedom and Democracy	40	0,666666667	0,666666667	5,029914452	16,32917763	1	1	0,97535302	0	2,956	4,963018329	2,956	2	13,435	13,435	-1,255302433
NL	22-11-2006	22420	VVD People’s Party for Freedom and Democracy	40	0,666666667	0,666666667	5,223247664	5,029914452	1	1	0,804185864	1,657	1,289	-2,801277944	-1,667	-1,124915139	-7,982	-8,35	1,672596557
NL	09-06-2010	22420	VVD People’s Party for Freedom and Democracy	40	0,666666667	0,666666667	14,78036865	5,223247664	1	1	0,692378065	0,263	3,876	2,817365178	2,587	0,997831302	-0,422	0,34	-0,433750761
NL	12-09-2012	22420	VVD People’s Party for Freedom and Democracy	40	0,666666667	0,666666667	9,416517804	14,78036865	1	1	0,838067771	0,291	2,327	-0,584975696	-1,549	-0,095223268	-2,164	-2,5	0,120132364
NL	26-05-1981	22521	CDA Christian Democratic Appeal	50	0,666666667	0,666666667	-0,666666667	-0,666666667	0	0	-0,833788816	1,9	0	-0,817285405	0	0	-1,2	-2,6	1,452119016
NL	08-09-1982	22521	CDA Christian Democratic Appeal	50	0,666666667	0,666666667	-0,666666667	-0,666666667	0	0	-0,487481551	0,9	0	0,78567765	0	0	3,2	2,8	-0,179177239
NL	21-05-1986	22521	CDA Christian Democratic Appeal	50	0,666666667	0,666666667	-0,5325761	-0,666666667	0	0	-0,177264268	1,5	0	-0,504064201	0	0	2,3	2,6	0,468099141
NL	06-09-1989	22521	CDA Christian Democratic Appeal	50	0,666666667	0,666666667	0,251667387	-0,5325761	1	0	-0,4660193	1,8	0	-0,195328243	0	0	-3,9	-2	-0,335264662
NL	03-05-1994	22521	CDA Christian Democratic Appeal	50	0,666666667	0,666666667	1,79096985	0,251667387	1	1	-0,122334346	2,793	0,249	2,00585539	0,249	0,163708087	1,399	0,595	-1,722718704
NL	06-05-1998	22521	CDA Christian Democratic Appeal	50	0,666666667	0,666666667	-0,05993697	1,79096985	0	1	-0,061009716	2,219	0,74	1,254423117	0,491	0,336460889	3,65	7,182	0,177658103
NL	15-05-2002	22521	CDA Christian Democratic Appeal	50	0,666666667	0,666666667	16,32917763	-0,05993697	1	0	0,091991718	0,435	0	-1,487635145	-0,74	-0,500168976	3,245	1,528	1,571155818
NL	22-01-2003	22521	CDA Christian Democratic Appeal	50	0,666666667	0,666666667	5,029914452	16,32917763	1	1	0,091991718	0,435	0	0	0	0	0	0	0
NL	22-11-2006	22521	CDA Christian Democratic Appeal	50	0,666666667	0,666666667	5,223247664	5,029914452	1	1	0,144228041	2,697	1,124	1,700323661	1,124	0,588327663	-5,231	-3,249	0,750998403
NL	09-06-2010	22521	CDA Christian Democratic Appeal	50	0,666666667	0,666666667	14,78036865	5,223247664	1	1	0,414266399	2,33	1,605	0,495956317	0,481	0,227428373	5,691	2,473	-1,16199334
NL	12-09-2012	22521	CDA Christian Democratic Appeal	50	0,666666667	0,666666667	9,416517804	14,78036865	1	1	0,635744956	1,93	1,091	-0,186407366	-0,514	-0,093478644	-4,838	-2,651	0,413508221
NO	14-09-1981	12320	DnA Norwegian Labour Party	30	1,878835752	1,878835752	-1,878835752	-1,878835752	0	0	-1,209937916	0,4	0	-1,251110076	0	0	-0,8	-1,3	0,481618386
NO	08-09-1985	12320	DnA Norwegian Labour Party	30	1,857485345	1,878835752	-1,857485345	-1,878835752	0	0	-1,641554314	0,4	0	-0,559733942	0	0	-0,5	-0,2	1,41481347
NO	11-09-1989	12320	DnA Norwegian Labour Party	30	1,857485345	1,857485345	-1,857485345	-1,857485345	0	0		0,4	0		0	0	1,7	1,2	
NO	13-09-1993	12320	DnA Norwegian Labour Party	30	1,857485345	1,857485345	-1,857485345	-1,857485345	0	0	-0,928832773	1,205	0,172		0,172	0,249818446	-0,142	-0,084	
NO	16-09-1997	12320	DnA Norwegian Labour Party	30	1,857485345	1,857485345	-1,857485345	-1,857485345	0	0	-0,805525062	1,321	0,22	0,016344686	0,048	0,035710431	-1,001	-0,13	-1,241945057
NO	10-09-2001	12320	DnA Norwegian Labour Party	30	1,857485345	1,857485345	-1,857485345	-1,857485345	0	0	-1,897771814	1,783	0,35	0,153067969	0,13	0,0426474	0,883	-0,351	2,393439215
NO	12-09-2005	12320	DnA Norwegian Labour Party	30	1,934422608	1,857485345	-1,934422608	-1,857485345	0	0	-1,218805044	0,661	0	-1,546276507	-0,35	-0,328176278	0,821	0,385	-4,867184893
NO	14-09-2009	12320	DnA Norwegian Labour Party	30	1,934422608	1,934422608	-1,934422608	-1,934422608	0	0	-1,052429333	2,729	0,141	0,318224529	0,141	0,09825784	-1,62	-1,079	4,00747645
NO	14-09-1981	12620	H Conservative Party	60	1,878835752	1,878835752	-1,878835752	-1,878835752	0	0	0,311595664	1,3	0	-1,438463832	-0,1	-0,125	0,9	0,5	0,170683639
NO	08-09-1985	12620	H Conservative Party	60	1,857485345	1,878835752	-1,857485345	-1,878835752	0	0	-0,333977282	0,8	0	0,28814354	0	0	-0,6	-1	1,574001556
NO	11-09-1989	12620	H Conservative Party	60	1,857485345	1,857485345	-1,857485345	-1,857485345	0	0		0,5	0		0	0	1,2	0,9	
NO	13-09-1993	12620	H Conservative Party	60	1,857485345	1,857485345	-1,857485345	-1,857485345	0	0	0,484133304	0,646	0,923		0,923	1,17654557	1,306	5,042	
NO	16-09-1997	12620	H Conservative Party	60	1,857485345	1,857485345	-1,857485345	-1,857485345	0	0	0,111942384	0,883	0,08	-2,375833924	-0,843	-1,010398115	0,985	2,106	-0,756836594
NO	10-09-2001	12620	H Conservative Party	60	1,857485345	1,857485345	-1,857485345	-1,857485345	0	0	0,3079777	0,753	0,377	1,393787176	0,297	0,501109181	1,454	-1,594	0,119394463
NO	12-09-2005	12620	H Conservative Party	60	1,934422608	1,857485345	-1,934422608	-1,857485345	0	0	0,42098588	1,11	0	-2,965725004	-0,377	-0,667256637	0,002	-3,332	-2,999608119
NO	14-09-2009	12620	H Conservative Party	60	1,934422608	1,934422608	-1,934422608	-1,934422608	0	0	-0,396194513	0,814	0,746	3,527550106	0,746	0,956410256	-0,88	2,827	3,855854368
PL	23-09-2001	92212	SLD-UP Coalion of the Democratic Left Alliance and the Union of Labour	30	5	5	2,874893157	0,555158677	1	1	-0,21060859	0,217	0						
PL	23-09-2001	92435	PO Civic Platform	40	5	5	2,874893157	0,555158677	1	1	-0,3994152	0	0			NaN			
PL	25-09-2005	92435	PO Civic Platform	40	5	5	2,969401278	2,874893157	1	1	0,035068031	0	0	0	0	NaN	-0,083	0,206	0,067044284
PL	21-10-2007	92435	PO Civic Platform	40	5	5	-3,704197854	2,969401278	0	1	0,283994982	0,16	0	-1,630964543	0	NaN	-3,331	-0,74	-2,650959364
PL	09-10-2011	92435	PO Civic Platform	40	5	5	-4,755252496	-3,704197854	0	0	-0,169191039	0	0	1,630964543	0	NaN	-3,907	-5,954	-1,541529357
PL	23-09-2001	92436	PiS Law and Justice	60	5	5	2,874893157	0,555158677	1	1	0,191636984	0	0			NaN			
PL	25-09-2005	92436	PiS Law and Justice	60	5	5	2,969401278	2,874893157	1	1	-0,058864903	0	0	0	0	NaN	-7,835	-7,423	2,624702021
PL	21-10-2007	92436	PiS Law and Justice	60	5	5	-3,704197854	2,969401278	0	1	0,555898811	0	0	0	0	NaN	2,462	-1,75	-0,089408437
PL	09-10-2011	92436	PiS Law and Justice	60	5	5	-4,755252496	-3,704197854	0	0	0,616774473	0	0	0	0	NaN	-3,183	-2,428	-2,824734977
PL	09-10-2011	92440	RP Palikot's Movement	40	5	5	-4,755252496	-3,704197854	0	0	0,788323898	0	0			NaN			
PT	06-10-1985	35311	PS Socialist Party	30	1,242259988	1,242259988	-1,242259988	-1,242259988	0	0	0,805673655	0	0	0	0	NaN	-8,8	-8,8	1,550555593
PT	19-07-1987	35311	PS Socialist Party	30	1,242259988	1,242259988	-1,242259988	-1,242259988	0	0	-0,847302876	0	0	0	0	NaN	0	0	-2,397853454
PT	06-10-1991	35311	PS Socialist Party	30	1,341640787	1,242259988	-1,341640787	-1,242259988	0	0	-0,61226631	0,131	0	-2,200585589	0	NaN	-0,36	-0,327	-0,934911007
PT	01-10-1995	35311	PS Socialist Party	30	1,341640787	1,341640787	-1,341640787	-1,341640787	0	0	-0,840872665	0,229	0	-0,933814115	0	0	1,362	1,6	0,099594054
PT	10-10-1999	35311	PS Socialist Party	30	1,341640787	1,341640787	-1,341640787	-1,341640787	0	0	-0,837631937	0	0	3,134399704	0	NaN	0,462	0,234	0,264633912
PT	17-03-2002	35311	PS Socialist Party	30	1,341640787	1,341640787	-1,253826688	-1,341640787	0	0	-0,506407145	0,044	1,051	2,961471124	1,051	NaN	4,338	5,237	0,411478902
PT	20-02-2005	35311	PS Socialist Party	30	1,341640787	1,341640787	-1,173611278	-1,253826688	0	0	-0,484090305	0	0,982	1,328991605	-0,069	0,080365297	-1,001	-1,261	-0,472948284
PT	27-09-2009	35311	PS Socialist Party	30	1,341640787	1,341640787	-1,132752948	-1,173611278	0	0	-0,193355347	0,096	0,67	-2,534954665	-0,312	-0,250652742	4,672	3,99	0,229274808
PT	05-06-2011	35311	PS Socialist Party	30	1,341640787	1,341640787	-1,014071647	-1,132752948	0	0	0,010166799	0	0	-1,755508064	-0,67	NaN	-0,667	-0,788	0,918830669
PT	06-10-1985	35312	PRD Democratic Renewal Party	30	1,242259988	1,242259988	-1,242259988	-1,242259988	0	0	0,847293289	0	0			NaN			
PT	06-10-1985	35313	PSD Social Democratic Party	30	1,242259988	1,242259988	-1,242259988	-1,242259988	0	0	1,341147356	0	0	1,099365338	0	NaN	6,402	6,181	0,535137639
PT	19-07-1987	35313	PSD Social Democratic Party	30	1,242259988	1,242259988	-1,242259988	-1,242259988	0	0	0,912069222	0	0	0	0	NaN	0	0,735	1,752579699
PT	06-10-1991	35313	PSD Social Democratic Party	30	1,341640787	1,242259988	-1,341640787	-1,242259988	0	0	-0,450860795	0	0	0	0	NaN	1,097	0,96	-4,053628653
PT	01-10-1995	35313	PSD Social Democratic Party	30	1,341640787	1,341640787	-1,341640787	-1,341640787	0	0	-0,19677288	0	0	0	0	NaN	1,129	0,962	1,059296508
PT	10-10-1999	35313	PSD Social Democratic Party	30	1,341640787	1,341640787	-1,341640787	-1,341640787	0	0	0,030709157	0	0	0	0	NaN	0,173	0,373	-1,469116146
PT	17-03-2002	35313	PSD Social Democratic Party	30	1,341640787	1,341640787	-1,253826688	-1,341640787	0	0	0,069177026	0	0,693	3,761746943	0,693	NaN	2,581	3,434	1,104524609
PT	20-02-2005	35313	PSD Social Democratic Party	30	1,341640787	1,341640787	-1,173611278	-1,253826688	0	0	0,116907345	0	0,936	0,442487064	0,243	0	0,241	-0,363	-0,906857252
PT	27-09-2009	35313	PSD Social Democratic Party	30	1,341640787	1,341640787	-1,132752948	-1,173611278	0	0	0,289911752	0,45	0	-6,399567909	-0,936	-2	4,249	4,719	0,094990604
PT	05-06-2011	35313	PSD Social Democratic Party	30	1,341640787	1,341640787	-1,014071647	-1,132752948	0	0	0,480997433	0,111	0	0,252187569	0	0	-4,051	-5,401	2,185428693
PT	06-10-1985	35520	CDS Social Democratic Center Party	50	1,242259988	1,242259988	-1,242259988	-1,242259988	0	0	0,84729786	0	0	0	0	NaN	-3,572	-2,679	-1,098612289
PT	19-07-1987	35520	CDS Social Democratic Center Party	50	1,242259988	1,242259988	-1,242259988	-1,242259988	0	0	0,2171005	0	0	0	0	NaN	0	3,03	-3,806573597
PT	06-10-1991	35520	CDS Social Democratic Center Party	50	1,341640787	1,242259988	-1,341640787	-1,242259988	0	0	-0,561300645	0	0	0	0	NaN	-1,661	-3,694	1,055231376
PT	01-10-1995	35520	CDS-PP Social Democratic Center-Popular Party	50	1,341640787	1,341640787	-1,341640787	-1,341640787	0	0	-0,032043195	0	0	0	0	NaN	7,568	7,037	-0,368960671
PT	10-10-1999	35520	CDS-PP Social Democratic Center-Popular Party	50	1,341640787	1,341640787	-1,341640787	-1,341640787	0	0	-0,643482848	0	0	0	0	NaN	-3,555	-1,495	-1,404116202
PT	17-03-2002	35520	CDS-PP Social Democratic Center-Popular Party	50	1,341640787	1,341640787	-1,253826688	-1,341640787	0	0	0,673166561	0,322	0,766	0,831906557	0,766	NaN	7,56	6,404	1,763522606
PT	20-02-2005	35520	CDS-PP Social Democratic Center-Popular Party	50	1,341640787	1,341640787	-1,173611278	-1,253826688	0	0	0,519796649	0,425	0,212	-1,470034936	-0,554	-0,742468141	-3,596	-4,117	0,109545654
PT	27-09-2009	35520	CDS-PP Social Democratic Center-Popular Party	50	1,341640787	1,341640787	-1,132752948	-1,173611278	0	0	0,340463278	0	0,87	4,64310242	0,658	1,334379906	4,564	6,005	1,08701131
PT	05-06-2011	35520	CDS-PP Social Democratic Center-Popular Party	50	1,341640787	1,341640787	-1,014071647	-1,132752948	0	0	0,713218361	0	0	-4,004974041	-0,87	NaN	3,58	1,947	1,412283184
RO	09-12-2012	93031	USL Social Liberal Union	30	5	5	9,126356846	-1,84040208	1	0	0,71770416	0	0			NaN			
RO	28-11-2004	93041	ADA Justice and Truth Alliance	40	5	5	7,924394387	14,48467926	1	1	0,263782262	0,32	0						
RO	09-12-2012	93061	ARD Right Romania Alliance	60	5	5	9,126356846	-1,84040208	1	0	-0,481267744	0	0			NaN			
RO	26-11-2000	93221	PD Democratic Party	30	5	3	14,48467926	1,464754804	1	1	-0,168492691	0	0			NaN			
RO	26-11-2000	93223	PDSR Social Democratic Pole of Romania	20	5	3	14,48467926	1,464754804	1	1	-0,316790213	0,279	0	-1,944898209	0	NaN	-1,09	-1,606	0,705328744
RO	26-11-2000	93430	PNL National Liberal Party	40	5	3	14,48467926	1,464754804	1	1	-0,40243908	0	0			NaN			
RO	30-11-2008	93430	PNL National Liberal Party	40	5	5	-1,84040208	7,924394387	0	1	0,646669754	0	0			NaN			
RO	30-11-2008	93530	PDL Democratic Liberal Party	50	5	5	-1,84040208	7,924394387	0	1	0,253157521	0	0			NaN			
SE	19-09-1982	11320	SAP Social Democratic Labour Party	30	4	4	-4	-4	0	0	-0,953349189	0	0	1,135908073	0	NaN	1.11022302462516E-16	-1,3	-1,836592553
SE	15-09-1985	11320	SAP Social Democratic Labour Party	30	4	4	-4	-4	0	0	-1,035409515	0	0	0	0	NaN	0	0	1,969441576
SE	18-09-1988	11320	SAP Social Democratic Labour Party	30	4	4	-4	-4	0	0	-1,474582241	0	0	0	0	NaN	0	0	-1,508649876
SE	15-09-1991	11320	SAP Social Democratic Labour Party	30	4	4	-4	-4	0	0	-0,359384812	0	0	0	0	NaN	1,538	1,538	0,705507031
SE	18-09-1994	11320	SAP Social Democratic Labour Party	30	4	4	-4	-4	0	0	1,098656099	0	0	0	0	NaN	-0,567	0,404	2,971193476
SE	21-09-1998	11320	SAP Social Democratic Labour Party	30	4	4	-3,626999716	-4	0	0	-0,132556769	0	0	0	0	NaN	0,592	0,012	-0,468750814
SE	15-09-2002	11320	SAP Social Democratic Labour Party	30	4	4	-2,561249296	-3,626999716	0	0	-0,688130328	0,733	0	-1,609873817	0	NaN	2,832	2,441	-3,023124358
SE	17-09-2006	11320	SAP Social Democratic Labour Party	30	4	4	-1,073412645	-2,561249296	0	0	-0,878178997	0,51	0,25	1,085594415	0,25	0,657894737	-1,595	-1,345	0,988038253
SE	19-09-2010	11320	SAP Social Democratic Labour Party	30	4	4	1,697764314	-1,073412645	1	0	-1,017868074	0	0	0,524279402	-0,25	NaN	-2,446	-2,341	2,295720775
SE	19-09-1982	11420	FP People’s Party	40	4	4	-4	-4	0	0	0,157669319	4,1	0	0,654337712	0	0	1,1	1,4	1,400297529
SE	15-09-1985	11420	FP People’s Party	40	4	4	-4	-4	0	0	0,394791767	0	0	2,405683051	0	NaN	3,8	1	-2,198700048
SE	18-09-1988	11420	FP People’s Party	40	4	4	-4	-4	0	0	-0,266005793	0	0	0	0	NaN	2,2	1,7	0,682928605
SE	15-09-1991	11420	FP Liberal People’s Party	40	4	4	-4	-4	0	0	0,186911527	0	0	0	0	NaN	-3,772	-3,772	0,494322828
SE	18-09-1994	11420	FP Liberal People’s Party	40	4	4	-4	-4	0	0	0,945656561	0	0	0	0	NaN	3,155	3,155	-0,587818653
SE	21-09-1998	11420	FP Liberal People’s Party	40	4	4	-3,626999716	-4	0	0	0,573405388	0	0	0	0	NaN	1,488	3,869	-0,788569822
SE	15-09-2002	11420	FP Liberal People’s Party	40	4	4	-2,561249296	-3,626999716	0	0	0,037546378	0	0	0	0	NaN	-1,94	-2,223	0,052873131
SE	17-09-2006	11420	FP Liberal People’s Party	40	4	4	-1,073412645	-2,561249296	0	0	0,437209913	0,33	0	-1,608036932	0	NaN	10,099	7,831	0,533916956
SE	19-09-2010	11420	FP Liberal People’s Party	40	4	4	1,697764314	-1,073412645	1	0	-0,160620278	0,655	0	-0,956881656	0	0	-5,18	-4,027	-1,272208387
SE	19-09-1982	11620	MSP Moderate Coalition Party	60	4	4	-4	-4	0	0	0,787403325	0,7	0	0,024033199	0	0	0,5	-0,4	1,075120459
SE	15-09-1985	11620	MSP Moderate Coalition Party	60	4	4	-4	-4	0	0	1,790313802	0	0	1,085189268	0	NaN	2,9	11,8	-1,076487255
SE	18-09-1988	11620	MSP Moderate Coalition Party	60	4	4	-4	-4	0	0	1,683249368	0	0	0	0	NaN	4,6	-1,7	0,002342154
SE	15-09-1991	11620	MSP Moderate Coalition Party	60	4	4	-4	-4	0	0	1,488077055	0	0	0	0	NaN	-0,505	-1,722	-0,313995352
SE	18-09-1994	11620	MSP Moderate Coalition Party	60	4	4	-4	-4	0	0	1,589674887	0	0	0	0	NaN	-4,87	-4,44	1,94610631
SE	21-09-1998	11620	MSP Moderate Coalition Party	60	4	4	-3,626999716	-4	0	0	1,743356391	0	0	0	0	NaN	-0,534	-2,748	-0,085014204
SE	15-09-2002	11620	MSP Moderate Coalition Party	60	4	4	-2,561249296	-3,626999716	0	0	1,374806587	0	0	0	0	NaN	2,601	4,902	0,200374808
SE	19-09-1982	11810	CP Centre Party	80	4	4	-4	-4	0	0	-0,589123305	1,5	0	0,434000652	0	0	3,2	-0,4	0,531128566
SE	15-09-1985	11810	CP Centre Party	80	4	4	-4	-4	0	0	-0,043403393	0	0	2,413231613	0	NaN	2,1	0,7	0,398304875
SE	18-09-1988	11810	CP Centre Party	80	4	4	-4	-4	0	0	-0,25656365	0	0	0	0	NaN	2,8	2	-1,938984555
SE	15-09-1991	11810	CP Centre Party	80	4	4	-4	-4	0	0	0,293789313	0	0	0	0	NaN	1,777	1,552	1,346035153
SE	18-09-1994	11810	CP Centre Party	80	4	4	-4	-4	0	0	1,117446246	0	0	0	0	NaN	-6,977	-7,146	-1,168456308
SE	21-09-1998	11810	CP Centre Party	80	4	4	-3,626999716	-4	0	0	0,463404211	0	0	0	0	NaN	3,306	4,353	-0,263684678
SE	15-09-2002	11810	CP Centre Party	80	4	4	-2,561249296	-3,626999716	0	0	0,414542202	0,38	0	-1,098212209	0	NaN	-0,644	-1,537	1,171754972
SE	17-09-2006	11810	CP Centre Party	80	4	4	-1,073412645	-2,561249296	0	0	-0,154691711	0	0	1,098212209	0	NaN	0,848	1,998	0,118616461
SE	19-09-2010	11810	CP Centre Party	80	4	4	1,697764314	-1,073412645	1	0	-0,120719918	0,527	0	-2,197209022	0	NaN	-4,037	-5,947	-1,367472789
SI	03-10-2004	97322	SD Social Democratic Party	30	4	4	2,270825334	0,384878663	1	1	-0,235488659	0	1,13	2,707343285	1,13	NaN	1,889	1,117	1,291466076
SI	21-09-2008	97322	SD Social Democratic Party	30	4	4	1,403169913	2,270825334	1	1	-0,604185638	0,22	0	-4,909356379	-1,13	-2	-2,01	-1,85	0,658175297
SI	04-12-2011	97322	SD Social Democratic Party	30	4	4	-2,054757027	1,403169913	0	1	-0,047849793	0,288	0	0,257475315	0	0	4,231	4,231	-1,252301745
SI	03-10-2004	97330	SDS Slovenian Democratic Party	60	4	4	2,270825334	0,384878663	1	1	-0,111439134	0,405	0						
SI	21-09-2008	97330	SDS Slovenian Democratic Party	60	4	4	1,403169913	2,270825334	1	1	-0,364895905	0,66	0	-0,206008301	0	0	-1,112	-1,904	0,998688907
SI	04-12-2011	97330	SDS Slovenian Democratic Party	60	4	4	-2,054757027	1,403169913	0	1	0,172916196	0,099	0	1,430745252	0	0	2,785	2,765	-0,41973665
SI	04-12-2011	97340	PS Zoran Jankovic's List - Positive Slovenia	30	4	4	-2,054757027	1,403169913	0	1	0,497515716	0,36	0						
SI	03-10-2004	97421	LDS Liberal Democracy of Slovenia	40	4	4	2,270825334	0,384878663	1	1	-0,71947171	0,9	0	-0,55440157	0	0	-1,276	-2,15	1,890016207
SI	21-09-2008	97421	LDS Liberal Democracy of Slovenia	40	4	4	1,403169913	2,270825334	1	1	0,251091137	0,38	0,05	1,677830611	0,05	0,23255814	3,98	4,2	-1,6918004
SI	04-12-2011	97421	LDS Liberal Democracy of Slovenia	40	4	4	-2,054757027	1,403169913	0	1	0,169984204	0,113	0	0,722875764	-0,05	-0,23255814	3,425	-0,411	0,678243001
SI	21-09-2008	97521	SLS Slovenian People's Party	50	4	4	1,403169913	2,270825334	1	1	-0,005177653	0,27	0,13	0,557168043	0,13	0,65	0,83	2,05	-3,612717339
SI	04-12-2011	97521	SLS Slovenian People's Party	50	4	4	-2,054757027	1,403169913	0	1	-0,162222718	0,244	0	-0,561108079	-0,13	-0,65	-1,791	-3,521	2,857382234
SK	26-09-1998	96220	SDL' Party of the Democratic Left	30	5	5	4,074814776	0,402930594	1	1	-0,267419308	0,867	0,062						
SK	20-09-2002	96220	SDL' Party of the Democratic Left	30	5	5	-1,345007323	4,074814776	0	1	-0,422849063	0	0	2,267958619	-0,062	NaN	-1,698	-1,184	-1,289316342
SK	20-09-2002	96423	Smer Direction-Social Democracy	30	5	5	-1,345007323	4,074814776	0	1	0,360534745	0	0			NaN			
SK	17-06-2006	96423	Smer Direction-Social Democracy	30	5	5	6,73311728	-1,345007323	1	0	-0,885187835	0	0	0	0	NaN	-6,385	-6,261	-2,37232698
SK	12-06-2010	96423	Smer Direction-Social Democracy	30	5	5	0,079890962	6,73311728	1	1	-0,572799572	0,268	0	-1,610221605	0	NaN	-0,566	-2,077	-0,346709715
SK	10-03-2012	96423	Smer Direction-Social Democracy	30	5	5	-0,441171058	0,079890962	0	1	-0,379816615	0,256	0	0,001039726	0	0	0,506	4,01	0,559904844
SK	20-09-2002	96521	KDH Christian Democratic Movement	50	5	5	-1,345007323	4,074814776	0	1	1,199226534	0	0			NaN			
SK	17-06-2006	96521	KDH Christian Democratic Movement	50	5	5	6,73311728	-1,345007323	1	0	0,940045545	0	0	0	0	NaN	0,127	9,705	1,487633692
SK	12-06-2010	96521	KDH Christian Democratic Movement	50	5	5	0,079890962	6,73311728	1	1	0,534058092	0	0	0	0	NaN	-4,576	-10,741	-1,109135377
SK	10-03-2012	96521	KDH Christian Democratic Movement	50	5	5	-0,441171058	0,079890962	0	1	0,288228172	0,116	0,465	1,10025008	0,465	NaN	-1,119	-1,485	0,527292288
SK	26-09-1998	96522	SDK Slovak Democratic Coalition	50	5	5	4,074814776	0,402930594	1	1	0,205773567	0	0			NaN			
SK	20-09-2002	96523	SDKÚ Slovak Democratic and Christian Union	50	5	5	-1,345007323	4,074814776	0	1	1,288641469	0	0			NaN			
SK	17-06-2006	96523	SDKÚ-DS Slovak Democratic and Christian Union - Democartic Party	50	5	5	6,73311728	-1,345007323	1	0	-0,044911414	0,21	0	-1,613310405	0	NaN	-6,411	-8,1	-1,326255124
SK	12-06-2010	96523	SDKÚ-DS Slovak Democratic and Christian Union - Democartic Party	50	5	5	0,079890962	6,73311728	1	1	-0,114152753	0,737	0	-0,784013796	0	0	-1,217	-2,245	-1,343356513
SK	10-03-2012	96523	SDKÚ-DS Slovak Democratic and Christian Union - Democartic Party	50	5	5	-0,441171058	0,079890962	0	1	0,203487986	0	0	2,397324201	0	NaN	3,254	2,812	-0,372956734
